156
936
1752
2091
2539
138
937
1782
2095
2540
184
938
1783
2097
2586
185
939
1791
2102
2597
186
972
1806
2109
2598
200
1063
1814
2127
2599
377
1066
1822
2130
2606
449
1096
1823
2131
2670
456
1156
1824
2132
2709
1157
1825
2133
2728
1175
1848
2154
2733
524
1195
1850
2207
2734
1121
1851
2226
2735
570
1243
1882
2242
2736
620
1257
1939
2298
2742
638
1258
1940
2305
2758
663
1259
1944
2307
2761
722
1267
1963
2308
2769
734
1300
1983
2330
2770
738
1439
1987
2340
2771
739
1451
2022
2353
2772
779
1451
2022
2353
2772
779
1452
2026
2354
2775
789
1505
2028
2402
2793
1559
2029
2408
2794
1598
2034
2429
2795
820
1602
2071
2430
2796
877
1603
2079
2483
2827
884
1701
2080
2490
2845
935
1719
2087
2525
2846
2872
2873
2876
3693
3720
3721
3722
3723
3774
4013
4084
4085
4145
4153
4188
4299
4370
4373
4409
4415
4425
4428
4429
4488
4513
4520
4571
4572
4581
4588
4702
4875
4976
4978
5195
5324
5388
5450
5530
5531
5533
5623
5934
5966
5976
5989
5994
6065
6066
6073
6074
6113
6119
6126
6161
5632
6201
5658
6202
5659
6203
5660
6204
5661
5662
5664
5665
5715
5716
5717
5723
5745
5775
5790
5842
5843
6233
6242
6346
6411
6509
6661
6662
6689
6692
7254
7265
7266
7267
6881
6882
6883
6891
6892
6893
6894
6895
6896
6897
6898
6900
6903
6904
6905
6906
6924
6928
6929
6938
6949
6950
6951
6952
6953
6954
6955
6956
6966
6969
6977
6978
6988
6989
6992
6993
6994
6995
7004
7005
7006
7007
7008
7009
7010
7011
7014
7019
7020
7029
7032
7051
7052
7053
7054
7055
7056
7057
7058
7059
7066
7069
7070
7071
7072
7073
7074
7075
7076
7083
7084
7085
7086
7087
7088
7092
7097
7115
7116
7117
7118
7119
7120
7121
7122
7123
7124
7125
7126
7127
7128
7129
7130
7147
7150
7151
7152
7156
7165
7173
7174
7175
7176
7177
7178
7179
7189
7190
7191
7192
7213
7214
7215
7216
7220
7221
7222
7223
7237
7240
7241
7242
7243
7244
7249
7250
7251
7252
7253
3380
3439
3491
3548
3631
3381
3440
3492
3549
6725
3382
3441
3493
3553
6726
3383
3447
3494
3554
6727
3383
3448
3499
3555
6728
3385
3449
3509
3556
6737
3386
3450
3510
3565
6738
3387
3451
3511
3577
6739
3388
3452
3512
3578
6740
3393
3454
3513
3579
3396
3514
3580
6763
3397
3456
3515
3585
6765
3415
3516
3593
3416
3473
3520
3601
3417
3474
3524
3604
3418
3475
3525
3605
6779
3420
3476
3526
3606
6780
3421
3478
3527
3607
6796
3422
3479
3529
3613
6801
3423
3480
3537
3615
3424
3538
3616
3425
3539
3617
3426
3483
3540
3618
6850
3430
3484
3541
3619
6867
3433
3485
3542
3620
6872
3434
3486
3543
3621
3435
3487
3544
3436
3488
3545
3623
3437
3489
3546
3629
6879
3438
3490
3547
3630
6880
3090
3181
3254
3318
3091
3182
3255
3319
3092
3183
3256
3320
3101
3184
3257
3330
3102
3185
3258
3333
3103
3193
3259
3334
3104
3260
3335
3108
3220
3261
3336
3113
3262
3341
3117
3264
3342
3127
3267
3352
3129
3268
3353
3139
3228
3269
3356
3140
3231
3270
3357
3141
3236
3272
3358
3142
3239
3276
3359
3143
3240
3280
3144
3241
3284
3361
3145
3242
3292
3362
3146
3243
3363
3151
3244
3295
3367
3152
3254
3296
3368
3153
3246
3297
3369
3154
3298
3370
3155
3302
3371
3160
3249
3314
3372
3165
3251
3316
3373
3174
3253
3317
3378
uncertain
484
509
792
793
3124
3223
3224
3225
3226
3247
3248
3293
3360
3455
3460
3481
3482
3622
6753
6771
6774
6775
6810
6829
6876
6877
6878
6970
6971
6972
6973
6996
7003
7031
7077
7089
7090
7091
7106
7201
7202
7203
7204
